%YAML:1.0
---
unwrapper:
   centre: [ 5.2430555555555558e-01, 4.8611111111111110e-01 ]
   inner: 1.0000000000000001e-01
   outer: 5.0000000000000000e-01
   offsetDegrees: 0.
   flip: 0
